C: 0.0 0.0 0.0 0.0 0.243 0.0
R1:          1.000000        0.243000        0.000000        0.000000        0.000000        0.000000
R2:          0.000000        1.000000        0.000000        0.000000        0.000000        0.000000
R3:          0.000000        0.000000        0.995193        0.242610        0.000000        0.000000
R4:          0.000000        0.000000       -0.039534        0.995193        0.000000        0.000000
R5:          0.000000        0.000000        0.000000        0.000000        1.000000        0.000000
R6:          0.000000        0.000000        0.000000        0.000000        0.000000        1.000000
